Rotation: [-0.9997462, 0.02239639, 0.002336048, -0.01039169, -0.3668459, -0.9302234, -0.01997663, -0.9300119, 0.3669856]
Translation: [-0.1492126, -0.1079311, -0.02933311]