Rotation: [0.5192648, 0.792632, -0.3195287, 0.01896198, -0.3844806, -0.9229383, -0.8544031, 0.4731905, -0.214677]
Translation: [-0.6496391, -0.04288769, -0.9928725]