Rotation: [-0.9999514, 0.009265497, -0.003457144, -0.0002729073, -0.3752976, -0.9269048, -0.009885684, -0.9268583, 0.3752818]
Translation: [0.1512469, -0.1120885, -0.02758479]