Rotation: [0.9997955, -0.02013218, -0.001957726, -0.00181227, 0.007240638, -0.9999722, 0.02014581, 0.9997709, 0.007202677]
Translation: [0.168242, -0.2993747, -0.7903764]