Rotation: [0.5080632, -0.7966503, 0.3274451, 0.02242568, -0.3678031, -0.9296334, 0.8610282, 0.4796557, -0.1690018]
Translation: [0.7012283, -0.08741266, -0.9998922]