Rotation: [0.9995605, -0.02879322, 0.0070269, 0.007010669, -0.0006645708, -0.999975, 0.02879724, 0.9995851, -0.0004624212]
Translation: [-0.1274241, -0.290094, -0.7877879]