Rotation: [0.4808733, -0.8765361, 0.02110987, 0.01261544, -0.01715692, -0.9997734, 0.8766997, 0.4810305, 0.002807581]
Translation: [0.1482778, -0.2971366, -0.6594059]