Rotation: [-0.4883453, 0.8721815, 0.02860852, -0.03183393, 0.01495661, -0.9993815, -0.8720699, -0.4889538, 0.02046097]
Translation: [0.1075106, -0.3109114, -0.6208763]