Rotation: [-0.4895572, 0.8181672, -0.3015572, -0.01569215, -0.3540443, -0.9350972, -0.87183, -0.4530512, 0.1861636]
Translation: [-0.5408515, -0.1323263, -0.2740936]