Rotation: [0.5058296, 0.8625813, -0.009475948, -0.01410478, -0.002713187, -0.999897, -0.862518, 0.5059112, 0.01079413]
Translation: [-0.1480011, -0.3095256, -0.6440849]