Rotation: [-0.5006867, -0.8085222, 0.3092003, 0.01673049, -0.3661693, -0.930398, 0.865467, -0.4606646, 0.196863]
Translation: [0.5329712, -0.1329716, -0.2656956]