Rotation: [0.999667, -0.02512699, 0.00587365, 0.00542862, -0.01774289, -0.9998279, 0.02522688, 0.9995268, -0.01760057]
Translation: [-0.09713781, -0.286791, -0.7916]