Rotation: [-0.9998693, 0.01437537, -0.007402826, 0.007415093, 0.0008000378, -0.9999722, -0.01436912, -0.9998964, -0.0009065296]
Translation: [0.06779025, -0.3005255, -0.7897635]