Rotation: [0.01810586, -0.9997881, 0.009813464, 0.999831, 0.01807371, -0.00336741, 0.00318933, 0.00987278, 0.9999462]
Translation: [-0.003478341, 0.6473598, -0.4048013]