%YAML:1.0
---
calibrationTimeChar: "Wed May 29 00:34:02 2024\n"
calibrationTime_t: 1716914042
imageWidth: 2240
imageHeight: 1740
cameraMatrix: !!opencv-matrix
   rows: 3
   cols: 3
   dt: d
   data: [ 1120, 0., 1120, 0.,
       1120, 870, 0., 0., 1. ]
distCoffes: !!opencv-matrix
   rows: 1
   cols: 5
   dt: d
   data: [ 0, 0,
       0, 0,
       0 ]
newCameraMatrixAlpha1: !!opencv-matrix
   rows: 3
   cols: 3
   dt: d
   data: [ 8.5009198984757393e+02, 0., 6.3322339082553026e+02, 0.,
       8.5060638134009923e+02, 5.0140759373038122e+02, 0., 0., 1. ]
newDisCoffesAlpha1: !!opencv-matrix
   rows: 1
   cols: 5
   dt: d
   data: [ -1.7501039545192619e-04, 6.7256696616908331e-04,
       -4.6810541475380762e-05, -9.9101339768618567e-05,
       -7.1338313208908408e-04 ]
newCameraMatrixAlpha0: !!opencv-matrix
   rows: 3
   cols: 3
   dt: d
   data: [ 8.5521077240868806e+02, 0., 6.3320909928971662e+02, 0.,
       8.5739699983148921e+02, 5.0145406166620387e+02, 0., 0., 1. ]
newDisCoffesAlpha0: !!opencv-matrix
   rows: 1
   cols: 5
   dt: d
   data: [ -9.9687617367971411e-05, 6.1767363385297055e-04,
       -6.6522134251669349e-05, -9.9431523555328842e-05,
       -6.6706560486343830e-04 ]