Rotation: [-0.01242816, -0.9999127, 0.004509675, -0.0527382, -0.003848262, -0.9986009, 0.9985311, -0.01264864, -0.05268575]
Translation: [-0.09775187, -0.02468604, -0.118978]