Rotation: [0.003234297, -0.9999824, -0.005009353, -0.007976191, 0.004983418, -0.999956, 0.999963, 0.003274143, -0.007959941]
Translation: [0.1061371, -0.04289268, -0.09040046]