Rotation: [-0.02993856, -0.9995419, -0.004494836, 0.0276493, 0.003666992, -0.999611, 0.9991691, -0.03005111, 0.02752686]
Translation: [0.209558, -0.06700207, -0.2180707]