Rotation: [0.9994489, -0.03160569, -0.01015896, -0.0104817, -0.01006294, -0.9998945, 0.03149998, 0.9994497, -0.01038871]
Translation: [0.1935372, -0.2714033, -0.7606969]