Rotation: [0.01365082, -0.9999036, 0.002590973, -0.0479935, -0.003243437, -0.9988425, 0.9987546, 0.01351067, -0.04803314]
Translation: [-0.2242711, -0.04537302, -0.1961703]