Rotation: [0.003023788, -0.9999861, -0.004307942, -0.009554124, 0.004278893, -0.9999453, 0.9999501, 0.003064692, -0.009541051]
Translation: [0.110334, -0.03392071, -0.09111881]