Rotation: [-0.9998641, 0.01635113, -0.002207413, -0.003573708, -0.3452328, -0.9385104, -0.01610784, -0.9383747, 0.3452442]
Translation: [0.1390759, 0.006878793, -0.02881956]