Rotation: [-0.00145676, -0.9999895, -0.004399539, -0.009328737, 0.004412956, -0.999947, 0.9999558, -0.001415635, -0.009335064]
Translation: [0.1177048, -0.03742261, -0.03997397]