Rotation: [-0.019537, -0.9998081, 0.001573509, -0.0470751, -0.0006521791, -0.9988911, 0.9987003, -0.01958933, -0.04705331]
Translation: [-0.08698545, -0.04572737, -0.1888261]