Rotation: [-0.5051811, -0.8629533, -0.01017347, -0.00998658, 0.01763294, -0.9997946, 0.8629553, -0.5049756, -0.01752577]
Translation: [-0.1045036, -0.2888652, -0.6327384]