Rotation: [-0.00901553, -0.9998838, 0.01228353, 0.0001121336, -0.01228503, -0.9999246, 0.9999593, -0.009013519, 0.000222879]
Translation: [-0.1598482, 0.1038154, -0.1465502]