Rotation: [-0.009801358, -0.9998392, 0.01502916, -0.02307098, -0.01479978, -0.9996242, 0.9996858, -0.01014441, -0.02292221]
Translation: [-0.1080398, 0.1297892, -0.1367538]