Rotation: [-0.01761505, -0.9997902, 0.01046193, 0.006720493, -0.01058172, -0.9999214, 0.9998223, -0.01754344, 0.006905481]
Translation: [-0.1484634, 0.08265153, -0.1549976]